12 12
12 11 1
12 10 2
12 10 1 1
12 9 3
12 9 2 1
12 9 1 1 1
12 8 4
12 8 3 1
12 8 2 2
12 8 2 1 1
12 7 5
12 7 4 1
12 7 3 2
12 7 3 1 1
12 7 2 2 1
12 7 2 1 1 1
12 6 6
12 6 5 1
12 6 4 2
12 6 4 1 1
12 6 3 2 1
12 6 3 1 1 1
12 6 3 3
12 5 5 2
12 5 5 1 1
12 5 4 3
12 5 4 1 1 1
12 5 3 3 1
12 5 3 2 2
12 5 3 2 1 1
12 4 4 4
12 4 4 3 1
12 4 4 2 2
12 4 4 2 1 1
12 4 3 3 2
12 4 3 3 1 1
12 4 3 2 2 1
12 4 2 2 2 2
12 4 2 2 2 1 1
12 3 3 3 3
12 3 3 3 2 1
12 3 3 2 2 2
12 3 3 2 2 1 1
12 2 2 2 2 2 2
12 11 1
11 1 11 1
11 1 10 2
11 1 10 1 1
11 1 9 3
11 1 9 2 1
11 1 9 1 1 1
11 1 8 4
11 1 8 3 1
11 1 8 2 2
11 1 8 2 1 1
11 1 7 5
11 1 7 4 1
11 1 7 3 2
11 1 7 3 1 1
11 1 7 2 2 1
11 1 7 2 1 1 1
11 1 6 6
11 1 6 5 1
11 1 6 4 2
11 1 6 4 1 1
11 1 6 3 2 1
11 1 6 3 1 1 1
11 1 6 3 3
11 1 5 5 2
11 1 5 5 1 1
11 1 5 4 3
11 1 5 4 1 1 1
11 1 5 3 3 1
11 1 5 3 2 2
11 1 5 3 2 1 1
11 1 4 4 4
11 1 4 4 3 1
11 1 4 4 2 2
11 1 4 4 2 1 1
11 1 4 3 3 2
11 1 4 3 3 1 1
11 1 4 3 2 2 1
11 1 4 2 2 2 2
11 1 4 2 2 2 1 1
11 1 3 3 3 3
11 1 3 3 3 2 1
11 1 3 3 2 2 2
11 1 3 3 2 2 1 1
11 1 2 2 2 2 2 2
12 10 2
11 1 10 2
10 2 10 2
10 2 10 1 1
10 2 9 3
10 2 9 2 1
10 2 9 1 1 1
10 2 8 4
10 2 8 3 1
10 2 8 2 2
10 2 8 2 1 1
10 2 7 5
10 2 7 4 1
10 2 7 3 2
10 2 7 3 1 1
10 2 7 2 2 1
